5 10 19 20 21
6 7 8 22 29
13 14 17 23 26
11 12 24 27 28
9 15 16 18 25
0 31 53 108 134 141 182 208 252
1 45 83 120 150 151 176 201 204 235 273
1 33 43 73 81 89 109 124 130 164 165 225 255
1 56 72 90 129 173 224 228 233 239 260 267
4 30 40 68 88 91 158 161 172 189 210 264
0 60 64 75 80 82 85 101 121 143 205 217 240 276
3 41 66 76 146 152 167 180 188 193 266 272
3 93 119 153 159 169 170 186 200 242
2 38 46 97 106 139 140 160 166 187 190 206 245 257 259
2 61 113 136 181 215 220 231
4 59 70 84 198 230 262 263
4 37 39 55 58 63 86 112 133 145 191 192 212 226 248
2 77 103 111 118 171 243 250
4 42 44 94 126 155 174 223 246 247 251
0 35 36 71 105 107 144 197 216 222 244 253
0 34 62 67 74 114 117 127 137 156 162 178 185 194 241 270 274
0 47 54 96 102 116 131 199 202 218 219 271
1 49 51 52 87 99 104 135 209 211 238 254 275
2 48 50 148 227 232 236
3 65 100 115 132 138 142 195 258
4 57 78 79 92 128 179 207 261 265
2 32 110 163 177 229 234
3 98 122 157 168 184 196 203 213 268 269
3 95 125 147 183 214
1 69 123 149 154 175 221 237 249 256 277
9 662
5 699
26 544
7 653
20 625
19 688
19 554
16 620
13 533
16 673
9 539
11 619
18 691
7 611
18 594
6 632
13 563
21 576
23 639
22 637
23 607
22 712
22 727
5 534
21 609
16 683
8 721
25 532
16 664
15 631
10 551
14 601
20 535
16 574
10 659
24 538
11 564
20 614
9 616
29 652
15 622
19 633
8 714
7 623
20 612
10 545
11 710
17 645
25 598
25 552
10 605
7 684 700
10 596
6 646
15 566
10 665
16 636
22 698
9 549
7 580
8 660
9 613
25 571
12 675
18 615
28 537
21 588
13 697
27 725
22 719
24 656
10 530
21 630
17 696
22 670
19 586
13 562
19 543
5 641
7 717
26 676
17 648
16 713
14 558
20 578
24 661
21 706
20 658
17 689
12 667
6 567
10 655
27 565
29 531
7 629
28 584
18 627
20 604
25 643
8 671
7 570
21 681
24 600
16 687
5 690
22 723
14 573
20 726
24 720
13 693
13 651
5 677
24 590
10 624
19 599
16 716
11 579
28 650
23 621
29 575
6 560
6 702
11 541
12 668
29 678
18 618
20 638
27 695
9 680
12 669
13 583
9 640
20 705
26 724
7 591
7 709
13 722
11 536
27 555
12 642
12 582
17 606
9 628
8 626
18 529
29 610
6 672
26 597
20 592
25 711
11 707
14 587
5 569
28 528
27 553 602
20 556
12 547
13 718
11 593
9 703
13 679
16 557
16 647
11 568
20 634
24 542
27 694
19 635
15 644
21 657
12 585
6 559
21 654
27 686
6 701
10 715
13 666
25 608
5 589
22 617
9 704
22 603
16 663
27 692
28 649
14 550
19 682
10 581
21 595
21 546
14 540
29 674
19 572
18 685
8 548
7 577
16 708
23 561
8 290
26 316
15 312
14 317
23 321
8 287
26 310
6 325
23 323
29 293
22 307
8 299
10 318
20 313
12 303
17 308
19 326
13 327
18 324
18 280
16 301
29 278
17 285
18 282
5 295
19 302
22 292
7 291
29 281
13 314
24 315
13 305
8 306
25 284
15 298
15 297
9 289
25 296
11 319
8 286
27 320
27 304
20 294
21 283
11 300
6 279
20 288
22 309
10 322
29 311
249 814 815 816 817 818 819
273 795 796 797 798 799 800 801
247 808 809 810 811 812 813
256 889
251 865 866 867 868
271 914 915 916 917 918 919
261 838 839 840
250 802 803 804 805 806 807
267 822 823 824
233 879 880 881 882 883 884
274 784 785 786
264 825 826 827 828
228 845 846 847 848
255 888
254 885 886 887
237 862 863 864
270 735 736 737 738 739 740
252 773 774 775
265 742 743 744
263 903 904 905 906 907
262 741
239 763 764 765
272 820 821
248 789 790 791 792 793 794
253 766 767 768 769 770 771
242 745
269 873 874 875 876 877 878
259 777 778 779 780 781 782
260 890 891 892 893 894 895
238 772
243 841 842 843 844
275 912 913
234 787 788
277 869 870 871 872
230 734
241 849
257 923 924 925 926 927
258 908 909 910 911
229 829 830 831 832
231 753 754 755 756 757 758
240 746 747 748 749 750 751 752
266 833 834 835 836 837
268 776
232 920 921 922
276 896 897 898 899 900 901 902
236 759 760 761 762
246 728 729 730 731 732 733
235 783
244 857 858 859 860 861
245 850 851 852 853 854 855 856
714
649
592
545
701
586
555
705
683
612
716
547
697
576
579
561
700
565
566
598
690
582
703
620
544
556
648
711
704
550
654
665
687
614
538
657
610
641
662
691
596
719
570
599
564
628
685
673
689
615
539
724
601
560
543
581
668
655
616
537
679
652
573
634
554
645
635
597
713
609
722
693
613
642
603
688
630
627
625
568
717
546
590
557
715
595
606
663
644
626
562
726
622
646
677
684
680
666
558
549
699
608
580
548
621
653
650
727
725
607
718
553
532
530
651
617
531
575
708
559
671
656
591
712
686
661
534
529
618
588
541
659
536
647
528
636
723
669
658
631
604
695
702
585
572
533
623
619
551
611
540
637
624
600
676
643
583
674
632
567
682
578
721
672
574
577
670
542
602
681
569
605
589
571
638
629
633
660
584
696
640
698
710
563
552
707
675
639
667
594
535
720
664
692
593
709
706
678
694
587
462 183 728
455 174 729
441 101 730
444 123 731
440 57 732
473 38 733
454 53 734
518 62 735
460 167 736
387 95 737
362 65 738
378 40 739
478 220 740
458 152 741
495 195 742
382 107 743
352 32 744
331 75 745
409 219 746
339 186 747
431 224 748
427 88 749
357 215 750
476 60 751
512 79 752
439 184 753
392 36 754
334 168 755
353 185 756
411 191 757
426 113 758
447 201 759
381 150 760
343 227 761
418 106 762
511 46 763
372 66 764
345 122 765
346 84 766
487 120 767
407 193 768
498 182 769
370 130 770
501 92 771
472 222 772
390 136 773
492 63 774
445 149 775
341 47 776
493 225 777
489 114 778
342 146 779
430 89 780
383 217 781
349 170 782
484 160 783
506 125 784
471 200 785
333 105 786
527 181 787
457 96 788
500 208 789
410 142 790
450 164 791
330 178 792
522 188 793
517 44 794
413 218 795
368 82 796
395 177 797
347 78 798
371 144 799
481 132 800
380 61 801
496 184 802
402 211 803
468 127 804
499 80 805
414 171 806
437 50 807
429 207 808
397 54 809
364 175 810
477 43 811
337 74 812
400 91 813
361 67 814
377 94 815
386 68 816
443 209 817
456 155 818
475 41 819
351 37 820
432 148 821
420 70 822
474 73 823
480 143 824
406 34 825
417 173 826
405 126 827
373 172 828
503 124 829
404 102 830
467 59 831
486 45 832
504 71 833
391 194 834
394 197 835
463 86 836
479 49 837
502 156 838
515 48 839
508 161 840
365 108 841
401 169 842
483 128 843
416 198 844
393 77 845
421 83 846
461 192 847
354 111 848
329 214 849
434 147 850
442 140 851
389 69 852
433 33 853
358 202 854
385 121 855
449 100 856
363 199 857
466 117 858
459 64 859
505 90 860
453 115 861
366 30 862
415 212 863
520 58 864
359 85 865
425 206 866
516 119 867
384 153 868
465 159 869
494 104 870
448 129 871
491 176 872
375 39 873
485 221 874
514 93 875
482 110 876
422 141 877
525 154 878
388 190 879
424 158 880
497 131 881
488 216 882
336 55 883
423 81 884
374 223 885
452 203 886
360 133 887
403 35 888
376 118 889
348 134 890
367 42 891
521 213 892
399 139 893
526 196 894
469 157 895
507 103 896
340 97 897
509 87 898
428 31 899
344 81 900
332 204 901
470 151 902
350 189 903
356 210 904
335 162 905
524 116 906
513 180 907
446 226 908
523 165 909
510 76 910
355 179 911
451 51 912
396 112 913
328 72 914
412 205 915
338 145 916
408 109 917
438 187 918
369 99 919
519 138 920
490 56 921
398 166 922
464 135 923
379 163 924
436 98 925
419 137 926
435 52 927
324 528
324 529
324 530
324 531
324 532
324 533
312 534
294 535
294 536
294 537
294 538
294 539
294 540
298 541
296 542
296 543
296 544
303 545
318 546
318 547
318 548
318 549
318 550
318 551
318 552
317 553
317 554
317 555
317 556
317 557
317 558
323 559
323 560
323 561
323 562
299 563
299 564
299 565
302 566
302 567
302 568
302 569
302 570
302 571
307 572
295 573
295 574
295 575
320 576
305 577
305 578
305 579
305 580
305 581
305 582
325 583
288 584
288 585
288 586
310 587
310 588
301 589
301 590
301 591
301 592
301 593
301 594
279 595
279 596
279 597
279 598
279 599
279 600
279 601
285 602
285 603
285 604
285 605
285 606
285 607
280 608
280 609
280 610
280 611
280 612
280 613
278 614
278 615
278 616
278 617
278 618
278 619
300 620
300 621
286 622
286 623
286 624
289 625
289 626
289 627
289 628
316 629
316 630
316 631
316 632
319 633
319 634
319 635
319 636
319 637
284 638
284 639
284 640
308 641
308 642
308 643
308 644
290 645
290 646
290 647
290 648
313 649
327 650
327 651
327 652
327 653
327 654
327 655
327 656
326 657
326 658
326 659
326 660
326 661
293 662
293 663
293 664
282 665
282 666
282 667
282 668
311 669
311 670
311 671
311 672
304 673
304 674
304 675
304 676
304 677
304 678
287 679
287 680
287 681
287 682
287 683
287 684
292 685
292 686
292 687
291 688
281 689
306 690
306 691
306 692
306 693
306 694
306 695
322 696
322 697
322 698
322 699
322 700
322 701
322 702
297 703
297 704
297 705
297 706
297 707
315 708
315 709
315 710
315 711
309 712
309 713
283 714
283 715
283 716
283 717
283 718
283 719
321 720
321 721
321 722
314 723
314 724
314 725
314 726
314 727
